#Measurement file		
#project	CMS endcap calorimeter	
#Sensor Type	LD	
#Sensor Geometry	Full	
#Thickness	300um	
#Process variant	p-stop: common; p-stop concentration: x1.0; typeC	
#ID	8-198-300F-L6-P8190-25-114780-0	
#Scratch PAD	|0001|0001|0100|0111|1000|0000|	
#Operator	HPK	
#Test Date	19-Jun-24	
#Ingot No.	-	
#Bad pads	25,130	
#Depletion voltage [V]	230	
#temperature [deg]	25	
#humidity [%]	40	
		
voltage [V]	pad nr.[-]	current [A]
0	0	8.38E-08
0	1	1.48E-06
0	2	2.1E-06
0	3	2.32E-06
0	4	1.98E-06
0	5	2.06E-06
0	6	6.09E-07
0	7	2.12E-06
0	8	1.57E-06
0	9	2.21E-06
0	10	3.64E-06
0	11	3.56E-06
0	12	1.91E-06
0	13	3.85E-06
0	14	8.11E-07
0	15	3.42E-06
0	16	2.82E-06
0	17	3.41E-06
0	18	2.13E-06
0	19	2.3E-06
0	20	3.77E-06
0	21	3.3E-06
0	22	3.28E-06
0	23	3.35E-06
0	24	1.65E-06
0	25	3.07E-06
0	26	2.93E-06
0	27	3.21E-06
0	28	1.97E-06
0	29	2.27E-06
0	30	3.54E-06
0	31	1.49E-06
0	32	3.57E-06
0	33	3.58E-06
0	34	2.53E-06
0	35	3.45E-06
0	36	1.53E-06
0	37	9.91E-07
0	38	1.93E-06
0	39	2.06E-06
0	40	2.05E-06
0	41	3.47E-06
0	42	2.8E-06
0	43	7.92E-09
0	44	4.02E-06
0	45	3.96E-06
0	46	4.02E-06
0	47	4.03E-06
0	48	3.88E-06
0	49	3.79E-06
0	50	3.57E-06
0	51	1.7E-06
0	52	2.16E-06
0	53	3.78E-06
0	54	3.79E-06
0	55	1.63E-08
0	56	3.91E-06
0	57	3.67E-06
0	58	3.42E-06
0	59	3.97E-06
0	60	3.97E-06
0	61	4.44E-06
0	62	9.23E-07
0	63	3.66E-06
0	64	3.02E-06
0	65	1.81E-06
0	66	2.06E-06
0	67	3.53E-06
0	68	3.85E-06
0	69	4.73E-06
0	70	1.66E-06
0	71	3.9E-06
0	72	4.04E-06
0	73	3.93E-06
0	74	3.26E-06
0	75	2.28E-06
0	76	3.86E-06
0	77	3.07E-06
0	78	3.51E-06
0	79	3.25E-06
0	80	1.25E-06
0	81	2.45E-06
0	82	4.02E-06
0	83	4.18E-06
0	84	4.66E-06
0	85	4.69E-06
0	86	2.39E-07
0	87	4.66E-06
0	88	4.82E-06
0	89	4.61E-06
0	90	4.67E-06
0	91	4.54E-06
0	92	1.39E-06
0	93	3.93E-06
0	94	3.61E-06
0	95	1.97E-06
0	96	1.65E-06
0	97	3.6E-06
0	98	3.95E-06
0	99	4.25E-06
0	100	4.33E-06
0	101	4.36E-06
0	102	4.21E-06
0	103	4.6E-06
0	104	4.64E-06
0	105	4.77E-06
0	106	4.69E-06
0	107	4.35E-06
0	108	3.84E-06
0	109	3.56E-06
0	110	2.4E-06
0	111	1.32E-06
0	112	2.04E-06
0	113	3.43E-06
0	114	3.63E-06
0	115	4.06E-06
0	116	4.24E-06
0	117	4.19E-06
0	118	7.65E-07
0	119	2.91E-06
0	120	4.56E-06
0	121	4.33E-06
0	122	3.8E-06
0	123	3.19E-06
0	124	2.35E-06
0	125	3.27E-06
0	126	2.06E-06
0	127	2.24E-06
0	128	3.12E-06
0	129	3.33E-06
0	130	3.11E-06
0	131	3.66E-06
0	132	4.08E-06
0	133	3.82E-06
0	134	4.1E-06
0	135	4.12E-06
0	136	3.98E-06
0	137	3.3E-06
0	138	2.96E-06
0	139	1.73E-06
0	140	2E-06
0	141	1.47E-06
0	142	3.24E-06
0	143	4.57E-07
0	144	3.23E-06
0	145	2.9E-06
0	146	3.33E-06
0	147	3.88E-06
0	148	3.84E-06
0	149	3.9E-06
0	150	3.38E-06
0	151	3.36E-06
0	152	1.81E-07
0	153	2.06E-06
0	154	3.12E-07
0	155	8.61E-09
0	156	1.21E-06
0	157	2.64E-06
0	158	2.96E-06
0	159	3.65E-07
0	160	3.17E-06
0	161	4.36E-06
0	162	4.74E-06
0	163	1.31E-06
0	164	3.26E-06
0	165	3.83E-06
0	166	2.96E-06
0	167	2.99E-06
0	168	1.83E-06
0	169	2.11E-06
0	170	1.87E-06
0	171	3.37E-06
0	172	1.39E-06
0	173	3.85E-06
0	174	3.69E-06
0	175	8.01E-07
0	176	2.92E-06
0	177	2.59E-06
0	178	2.94E-06
0	179	1.69E-06
0	180	1.58E-06
0	181	1.95E-06
0	182	3.33E-06
0	183	3E-06
0	184	3.17E-06
0	185	3.29E-06
0	186	2.95E-06
0	187	2.75E-06
0	188	2.47E-06
0	189	1.41E-06
0	190	1.24E-06
0	191	1.64E-06
0	192	1.73E-06
0	193	1.42E-06
0	194	1.7E-06
0	195	1.54E-06
0	196	1.63E-06
0	197	1.31E-06
0	198	4.2E-07
0	199	4.44E-06
100	0	1.96E-07
100	1	4.81E-10
100	2	5.51E-10
100	3	4.86E-10
100	4	4.97E-10
100	5	5.11E-10
100	6	5.19E-10
100	7	5.9E-10
100	8	4.99E-10
100	9	9.83E-10
100	10	8.15E-10
100	11	7.63E-10
100	12	7.34E-10
100	13	5.78E-10
100	14	9.42E-11
100	15	7.39E-10
100	16	7.54E-10
100	17	7.81E-10
100	18	9.61E-10
100	19	9.24E-10
100	20	8.01E-10
100	21	7.43E-10
100	22	7.06E-10
100	23	6.89E-10
100	24	7.25E-10
100	25	6.88E-10
100	26	7.07E-10
100	27	7.44E-10
100	28	8.67E-10
100	29	9.7E-10
100	30	8.04E-10
100	31	7.36E-10
100	32	6.93E-10
100	33	6.69E-10
100	34	6.61E-10
100	35	6.63E-10
100	36	6.68E-10
100	37	6.9E-10
100	38	7.36E-10
100	39	9.03E-10
100	40	1.01E-09
100	41	7.97E-10
100	42	7.34E-10
100	43	7.02E-10
100	44	6.85E-10
100	45	6.75E-10
100	46	6.75E-10
100	47	6.73E-10
100	48	6.86E-10
100	49	7.07E-10
100	50	7.67E-10
100	51	9.59E-10
100	52	1.02E-09
100	53	8.4E-10
100	54	7.8E-10
100	55	7.54E-10
100	56	8.38E-10
100	57	7.5E-10
100	58	7.05E-10
100	59	6.93E-10
100	60	6.93E-10
100	61	5.68E-10
100	62	1.38E-10
100	63	7.37E-10
100	64	8.02E-10
100	65	1.03E-09
100	66	1.06E-09
100	67	8.7E-10
100	68	8.04E-10
100	69	6.26E-10
100	70	1.61E-10
100	71	9.51E-10
100	72	9.48E-10
100	73	7.44E-10
100	74	7.12E-10
100	75	7.07E-10
100	76	7.11E-10
100	77	7.21E-10
100	78	7.56E-10
100	79	8.28E-10
100	80	1.03E-09
100	81	1.07E-09
100	82	8.13E-10
100	83	7.38E-10
100	84	7.13E-10
100	85	7.69E-10
100	86	7.47E-10
100	87	7.1E-10
100	88	7.45E-10
100	89	6.75E-10
100	90	6.67E-10
100	91	6.82E-10
100	92	6.94E-10
100	93	7.47E-10
100	94	8.19E-10
100	95	1.08E-09
100	96	6.27E-10
100	97	9.24E-10
100	98	8.18E-10
100	99	8.65E-10
100	100	1.06E-09
100	101	1.15E-09
100	102	7.45E-10
100	103	8.06E-10
100	104	7.87E-10
100	105	7E-10
100	106	8.43E-10
100	107	7.41E-10
100	108	7.44E-10
100	109	8.08E-10
100	110	8.98E-10
100	111	6.44E-10
100	112	7.64E-10
100	113	8.98E-10
100	114	8.18E-10
100	115	8.83E-10
100	116	1.53E-09
100	117	9.51E-10
100	118	7.32E-10
100	119	7.35E-10
100	120	7.14E-10
100	121	5.89E-10
100	122	6.27E-10
100	123	6.4E-10
100	124	6.86E-10
100	125	7.81E-10
100	126	6.54E-10
100	127	6.17E-10
100	128	8.12E-10
100	129	7.55E-10
100	130	8.81E-10
100	131	9.55E-10
100	132	7E-10
100	133	6.7E-10
100	134	6.71E-10
100	135	6.77E-10
100	136	6.89E-10
100	137	7.11E-10
100	138	7.48E-10
100	139	8.2E-10
100	140	6.26E-10
100	141	7.04E-10
100	142	7.59E-10
100	143	1.72E-10
100	144	7.97E-10
100	145	7.74E-10
100	146	7.38E-10
100	147	7.16E-10
100	148	7.1E-10
100	149	2.46E-09
100	150	7.28E-10
100	151	7.49E-10
100	152	7.7E-10
100	153	7.27E-10
100	154	1.78E-10
100	155	6.65E-10
100	156	7.36E-10
100	157	9.05E-10
100	158	8.25E-10
100	159	7.75E-10
100	160	7.61E-10
100	161	6.98E-10
100	162	5.64E-10
100	163	1.24E-10
100	164	7.22E-10
100	165	7.49E-10
100	166	7.89E-10
100	167	8.64E-10
100	168	6.83E-10
100	169	7.19E-10
100	170	9.39E-10
100	171	8.48E-10
100	172	8.02E-10
100	173	7.73E-10
100	174	7.61E-10
100	175	7.67E-10
100	176	7.92E-10
100	177	8.42E-10
100	178	9.18E-10
100	179	6.99E-10
100	180	8.07E-10
100	181	9.87E-10
100	182	9.04E-10
100	183	8.65E-10
100	184	8.38E-10
100	185	8.4E-10
100	186	8.53E-10
100	187	8.97E-10
100	188	9.68E-10
100	189	7.75E-10
100	190	6.86E-10
100	191	1.14E-09
100	192	1.03E-09
100	193	1.01E-09
100	194	9.79E-10
100	195	1E-09
100	196	1.01E-09
100	197	1.12E-09
100	198	6.57E-10
100	199	2.09E-08
200	0	2.44E-07
200	1	7.11E-10
200	2	8.24E-10
200	3	7.46E-10
200	4	7.44E-10
200	5	7.48E-10
200	6	7.51E-10
200	7	8.24E-10
200	8	7.19E-10
200	9	1.26E-09
200	10	1.04E-09
200	11	9.77E-10
200	12	9.42E-10
200	13	8.04E-10
200	14	2.02E-10
200	15	9.29E-10
200	16	9.42E-10
200	17	9.78E-10
200	18	1.2E-09
200	19	1.16E-09
200	20	9.84E-10
200	21	9.14E-10
200	22	8.72E-10
200	23	8.51E-10
200	24	9.23E-10
200	25	8.45E-10
200	26	8.61E-10
200	27	9.08E-10
200	28	1.08E-09
200	29	1.19E-09
200	30	9.65E-10
200	31	8.85E-10
200	32	8.33E-10
200	33	8.07E-10
200	34	7.94E-10
200	35	7.95E-10
200	36	8.01E-10
200	37	8.28E-10
200	38	8.83E-10
200	39	1.1E-09
200	40	1.25E-09
200	41	1.01E-09
200	42	9.3E-10
200	43	8.82E-10
200	44	8.55E-10
200	45	8.4E-10
200	46	8.31E-10
200	47	8.27E-10
200	48	8.4E-10
200	49	8.7E-10
200	50	9.41E-10
200	51	1.18E-09
200	52	1.25E-09
200	53	1.01E-09
200	54	9.35E-10
200	55	8.95E-10
200	56	9.87E-10
200	57	8.87E-10
200	58	8.34E-10
200	59	8.2E-10
200	60	8.18E-10
200	61	7.13E-10
200	62	2.04E-10
200	63	8.76E-10
200	64	9.55E-10
200	65	1.24E-09
200	66	1.28E-09
200	67	1.03E-09
200	68	9.46E-10
200	69	7.66E-10
200	70	2.22E-10
200	71	1.1E-09
200	72	1.1E-09
200	73	8.63E-10
200	74	8.24E-10
200	75	8.19E-10
200	76	8.23E-10
200	77	8.41E-10
200	78	8.9E-10
200	79	9.76E-10
200	80	1.23E-09
200	81	1.38E-09
200	82	1.05E-09
200	83	9.52E-10
200	84	9.07E-10
200	85	9.58E-10
200	86	9.28E-10
200	87	8.8E-10
200	88	9.16E-10
200	89	8.32E-10
200	90	8.18E-10
200	91	8.34E-10
200	92	8.52E-10
200	93	9.17E-10
200	94	1E-09
200	95	1.31E-09
200	96	8.02E-10
200	97	1.12E-09
200	98	9.91E-10
200	99	1.09E-09
200	100	1.24E-09
200	101	1.35E-09
200	102	8.79E-10
200	103	9.48E-10
200	104	9.26E-10
200	105	8.24E-10
200	106	9.87E-10
200	107	8.76E-10
200	108	8.85E-10
200	109	9.64E-10
200	110	1.07E-09
200	111	7.96E-10
200	112	9.35E-10
200	113	1.07E-09
200	114	9.72E-10
200	115	1.04E-09
200	116	1.77E-09
200	117	1.1E-09
200	118	8.52E-10
200	119	8.54E-10
200	120	8.3E-10
200	121	8.2E-10
200	122	8.57E-10
200	123	8.69E-10
200	124	9.19E-10
200	125	1.02E-09
200	126	8.89E-10
200	127	8.47E-10
200	128	1.04E-09
200	129	9.56E-10
200	130	1.09E-09
200	131	1.16E-09
200	132	8.67E-10
200	133	8.32E-10
200	134	8.31E-10
200	135	8.35E-10
200	136	8.47E-10
200	137	8.78E-10
200	138	9.25E-10
200	139	1.01E-09
200	140	8.05E-10
200	141	8.96E-10
200	142	1.04E-09
200	143	2.68E-10
200	144	9.68E-10
200	145	9.3E-10
200	146	8.83E-10
200	147	8.56E-10
200	148	8.47E-10
200	149	4.08E-09
200	150	8.7E-10
200	151	8.98E-10
200	152	9.31E-10
200	153	9.68E-10
200	154	2.58E-10
200	155	8.29E-10
200	156	9.15E-10
200	157	1.09E-09
200	158	9.86E-10
200	159	9.21E-10
200	160	9.01E-10
200	161	8.87E-10
200	162	7.69E-10
200	163	2.36E-10
200	164	8.98E-10
200	165	9.3E-10
200	166	9.79E-10
200	167	1.07E-09
200	168	8.78E-10
200	169	9.2E-10
200	170	1.14E-09
200	171	1.03E-09
200	172	9.69E-10
200	173	9.33E-10
200	174	9.17E-10
200	175	9.25E-10
200	176	9.58E-10
200	177	1.02E-09
200	178	1.13E-09
200	179	8.86E-10
200	180	9.94E-10
200	181	1.18E-09
200	182	1.08E-09
200	183	1.03E-09
200	184	1E-09
200	185	1.01E-09
200	186	1.02E-09
200	187	1.09E-09
200	188	1.19E-09
200	189	9.64E-10
200	190	8.49E-10
200	191	1.37E-09
200	192	1.25E-09
200	193	1.23E-09
200	194	1.19E-09
200	195	1.22E-09
200	196	1.23E-09
200	197	1.36E-09
200	198	8.22E-10
200	199	2.98E-08
300	0	1.05E-06
300	1	8.25E-10
300	2	9.73E-10
300	3	8.78E-10
300	4	8.73E-10
300	5	8.76E-10
300	6	8.79E-10
300	7	9.6E-10
300	8	8.18E-10
300	9	1.46E-09
300	10	1.26E-09
300	11	1.2E-09
300	12	1.15E-09
300	13	1E-09
300	14	2.57E-10
300	15	1.13E-09
300	16	1.15E-09
300	17	1.19E-09
300	18	1.37E-09
300	19	1.35E-09
300	20	1.21E-09
300	21	1.14E-09
300	22	1.09E-09
300	23	1.06E-09
300	24	1.17E-09
300	25	4.68E-07
300	26	1.11E-09
300	27	1.12E-09
300	28	1.25E-09
300	29	1.38E-09
300	30	1.19E-09
300	31	1.11E-09
300	32	1.05E-09
300	33	1.03E-09
300	34	1.01E-09
300	35	1.01E-09
300	36	1.01E-09
300	37	1.04E-09
300	38	1.1E-09
300	39	1.28E-09
300	40	1.48E-09
300	41	1.25E-09
300	42	1.16E-09
300	43	1.09E-09
300	44	1.07E-09
300	45	1.05E-09
300	46	1.03E-09
300	47	1.02E-09
300	48	1.03E-09
300	49	1.07E-09
300	50	1.16E-09
300	51	1.38E-09
300	52	1.45E-09
300	53	1.25E-09
300	54	1.16E-09
300	55	1.09E-09
300	56	1.18E-09
300	57	1.08E-09
300	58	1.02E-09
300	59	9.99E-10
300	60	9.94E-10
300	61	9.05E-10
300	62	2.72E-10
300	63	1.08E-09
300	64	1.17E-09
300	65	2.8E-09
300	66	1.46E-09
300	67	1.26E-09
300	68	1.17E-09
300	69	9.74E-10
300	70	2.91E-10
300	71	1.29E-09
300	72	1.28E-09
300	73	1.04E-09
300	74	1E-09
300	75	9.89E-10
300	76	9.92E-10
300	77	1.03E-09
300	78	1.1E-09
300	79	1.19E-09
300	80	1.4E-09
300	81	1.58E-09
300	82	1.29E-09
300	83	1.19E-09
300	84	1.13E-09
300	85	1.15E-09
300	86	1.11E-09
300	87	1.06E-09
300	88	1.1E-09
300	89	1.01E-09
300	90	9.92E-10
300	91	1.01E-09
300	92	1.06E-09
300	93	1.14E-09
300	94	1.23E-09
300	95	1.49E-09
300	96	9.16E-10
300	97	1.34E-09
300	98	1.22E-09
300	99	1.37E-09
300	100	1.46E-09
300	101	1.55E-09
300	102	1.06E-09
300	103	1.13E-09
300	104	1.1E-09
300	105	1E-09
300	106	1.17E-09
300	107	1.08E-09
300	108	1.11E-09
300	109	1.18E-09
300	110	1.28E-09
300	111	8.99E-10
300	112	1.07E-09
300	113	1.28E-09
300	114	1.19E-09
300	115	1.26E-09
300	116	2.01E-09
300	117	1.29E-09
300	118	1.03E-09
300	119	1.03E-09
300	120	1.01E-09
300	121	1.01E-09
300	122	1.06E-09
300	123	1.09E-09
300	124	1.14E-09
300	125	1.25E-09
300	126	1.04E-09
300	127	9.88E-10
300	128	1.26E-09
300	129	1.18E-09
300	130	3.92E-08
300	131	1.38E-09
300	132	1.06E-09
300	133	1.02E-09
300	134	1.02E-09
300	135	1.03E-09
300	136	1.06E-09
300	137	1.1E-09
300	138	1.16E-09
300	139	1.22E-09
300	140	9.41E-10
300	141	1.02E-09
300	142	1.28E-09
300	143	3.17E-10
300	144	1.18E-09
300	145	1.15E-09
300	146	1.1E-09
300	147	1.07E-09
300	148	1.06E-09
300	149	5.56E-09
300	150	1.09E-09
300	151	1.11E-09
300	152	1.13E-09
300	153	1.18E-09
300	154	3.09E-10
300	155	9.55E-10
300	156	1.03E-09
300	157	1.29E-09
300	158	1.19E-09
300	159	1.13E-09
300	160	1.12E-09
300	161	1.11E-09
300	162	9.9E-10
300	163	2.96E-10
300	164	1.11E-09
300	165	1.14E-09
300	166	1.18E-09
300	167	1.26E-09
300	168	9.97E-10
300	169	1.04E-09
300	170	1.35E-09
300	171	1.24E-09
300	172	1.19E-09
300	173	1.15E-09
300	174	1.13E-09
300	175	9.21E-10
300	176	1.16E-09
300	177	1.21E-09
300	178	1.29E-09
300	179	9.88E-10
300	180	1.12E-09
300	181	1.38E-09
300	182	1.29E-09
300	183	1.24E-09
300	184	1.22E-09
300	185	1.2E-09
300	186	1.21E-09
300	187	1.26E-09
300	188	1.33E-09
300	189	1.06E-09
300	190	9.46E-10
300	191	1.53E-09
300	192	1.42E-09
300	193	1.39E-09
300	194	1.35E-09
300	195	1.37E-09
300	196	1.38E-09
300	197	1.5E-09
300	198	8.98E-10
300	199	3.2E-08
400	0	4.93E-06
400	1	9.57E-10
400	2	1.14E-09
400	3	1.04E-09
400	4	1.05E-09
400	5	1.05E-09
400	6	1.05E-09
400	7	1.13E-09
400	8	9.48E-10
400	9	1.7E-09
400	10	1.5E-09
400	11	1.44E-09
400	12	1.39E-09
400	13	1.19E-09
400	14	3.16E-10
400	15	1.37E-09
400	16	1.39E-09
400	17	1.43E-09
400	18	1.62E-09
400	19	1.6E-09
400	20	1.45E-09
400	21	1.37E-09
400	22	1.32E-09
400	23	1.3E-09
400	24	1.45E-09
400	25	8.31E-07
400	26	1.32E-09
400	27	1.35E-09
400	28	1.5E-09
400	29	1.65E-09
400	30	1.43E-09
400	31	1.35E-09
400	32	1.29E-09
400	33	1.26E-09
400	34	1.24E-09
400	35	1.24E-09
400	36	1.25E-09
400	37	1.28E-09
400	38	1.34E-09
400	39	1.54E-09
400	40	1.79E-09
400	41	1.49E-09
400	42	1.41E-09
400	43	1.36E-09
400	44	1.33E-09
400	45	1.31E-09
400	46	1.3E-09
400	47	1.3E-09
400	48	1.31E-09
400	49	1.34E-09
400	50	1.41E-09
400	51	1.64E-09
400	52	1.73E-09
400	53	1.49E-09
400	54	1.41E-09
400	55	1.37E-09
400	56	1.48E-09
400	57	1.37E-09
400	58	1.32E-09
400	59	1.3E-09
400	60	1.29E-09
400	61	1.15E-09
400	62	3.37E-10
400	63	1.35E-09
400	64	1.42E-09
400	65	4.07E-09
400	66	1.72E-09
400	67	1.5E-09
400	68	1.42E-09
400	69	1.21E-09
400	70	3.53E-10
400	71	1.6E-09
400	72	1.6E-09
400	73	1.35E-09
400	74	1.31E-09
400	75	1.3E-09
400	76	1.29E-09
400	77	1.31E-09
400	78	1.37E-09
400	79	1.44E-09
400	80	1.65E-09
400	81	1.82E-09
400	82	1.54E-09
400	83	1.45E-09
400	84	1.4E-09
400	85	1.46E-09
400	86	1.44E-09
400	87	1.39E-09
400	88	1.42E-09
400	89	1.33E-09
400	90	1.32E-09
400	91	1.32E-09
400	92	1.35E-09
400	93	1.4E-09
400	94	1.46E-09
400	95	1.73E-09
400	96	1.04E-09
400	97	1.57E-09
400	98	1.44E-09
400	99	1.67E-09
400	100	1.76E-09
400	101	1.89E-09
400	102	1.38E-09
400	103	1.45E-09
400	104	1.42E-09
400	105	1.33E-09
400	106	1.49E-09
400	107	1.36E-09
400	108	1.35E-09
400	109	1.41E-09
400	110	1.51E-09
400	111	1.02E-09
400	112	1.24E-09
400	113	1.51E-09
400	114	1.41E-09
400	115	1.5E-09
400	116	2.32E-09
400	117	1.6E-09
400	118	1.34E-09
400	119	1.35E-09
400	120	1.32E-09
400	121	1.32E-09
400	122	1.35E-09
400	123	1.34E-09
400	124	1.38E-09
400	125	1.48E-09
400	126	1.21E-09
400	127	1.15E-09
400	128	1.48E-09
400	129	1.41E-09
400	130	1.01E-06
400	131	1.64E-09
400	132	1.34E-09
400	133	1.31E-09
400	134	1.31E-09
400	135	1.3E-09
400	136	1.31E-09
400	137	1.33E-09
400	138	1.41E-09
400	139	1.45E-09
400	140	1.1E-09
400	141	1.19E-09
400	142	1.52E-09
400	143	3.74E-10
400	144	1.41E-09
400	145	1.38E-09
400	146	1.34E-09
400	147	1.32E-09
400	148	1.31E-09
400	149	7.09E-09
400	150	1.32E-09
400	151	1.34E-09
400	152	1.36E-09
400	153	1.4E-09
400	154	3.65E-10
400	155	1.12E-09
400	156	1.2E-09
400	157	1.51E-09
400	158	1.42E-09
400	159	1.36E-09
400	160	1.35E-09
400	161	1.35E-09
400	162	1.18E-09
400	163	3.53E-10
400	164	1.35E-09
400	165	1.37E-09
400	166	1.41E-09
400	167	1.49E-09
400	168	1.16E-09
400	169	1.2E-09
400	170	1.58E-09
400	171	1.47E-09
400	172	1.42E-09
400	173	1.38E-09
400	174	1.36E-09
400	175	1.36E-09
400	176	1.38E-09
400	177	1.43E-09
400	178	1.51E-09
400	179	1.15E-09
400	180	1.29E-09
400	181	1.61E-09
400	182	1.51E-09
400	183	1.46E-09
400	184	1.45E-09
400	185	1.42E-09
400	186	1.43E-09
400	187	1.48E-09
400	188	1.56E-09
400	189	1.22E-09
400	190	1.07E-09
400	191	1.77E-09
400	192	1.65E-09
400	193	1.63E-09
400	194	1.58E-09
400	195	1.61E-09
400	196	1.6E-09
400	197	1.72E-09
400	198	1.02E-09
400	199	3.28E-08
500	0	7.95E-06
500	1	1.12E-09
500	2	1.37E-09
500	3	1.26E-09
500	4	1.28E-09
500	5	1.28E-09
500	6	1.27E-09
500	7	1.36E-09
500	8	1.11E-09
500	9	2.02E-09
500	10	1.82E-09
500	11	1.76E-09
500	12	1.71E-09
500	13	1.45E-09
500	14	3.92E-10
500	15	1.69E-09
500	16	1.73E-09
500	17	1.75E-09
500	18	1.94E-09
500	19	1.94E-09
500	20	1.77E-09
500	21	1.68E-09
500	22	1.63E-09
500	23	1.61E-09
500	24	1.82E-09
500	25	7.61E-07
500	26	1.62E-09
500	27	1.67E-09
500	28	1.83E-09
500	29	2E-09
500	30	1.74E-09
500	31	1.66E-09
500	32	1.61E-09
500	33	1.57E-09
500	34	1.55E-09
500	35	1.55E-09
500	36	1.56E-09
500	37	1.6E-09
500	38	1.65E-09
500	39	1.89E-09
500	40	2.21E-09
500	41	1.81E-09
500	42	1.73E-09
500	43	1.67E-09
500	44	1.64E-09
500	45	1.62E-09
500	46	1.61E-09
500	47	1.61E-09
500	48	1.62E-09
500	49	1.66E-09
500	50	1.73E-09
500	51	2.01E-09
500	52	2.11E-09
500	53	1.81E-09
500	54	1.73E-09
500	55	1.68E-09
500	56	1.8E-09
500	57	1.7E-09
500	58	1.64E-09
500	59	1.62E-09
500	60	1.6E-09
500	61	1.4E-09
500	62	4.14E-10
500	63	1.68E-09
500	64	1.76E-09
500	65	5.16E-09
500	66	2.09E-09
500	67	1.85E-09
500	68	1.74E-09
500	69	1.45E-09
500	70	4.28E-10
500	71	1.93E-09
500	72	1.94E-09
500	73	1.69E-09
500	74	1.64E-09
500	75	1.63E-09
500	76	1.62E-09
500	77	1.64E-09
500	78	1.72E-09
500	79	1.79E-09
500	80	1.98E-09
500	81	2.14E-09
500	82	1.86E-09
500	83	1.8E-09
500	84	1.72E-09
500	85	1.79E-09
500	86	1.77E-09
500	87	1.73E-09
500	88	1.76E-09
500	89	1.67E-09
500	90	1.66E-09
500	91	1.66E-09
500	92	1.7E-09
500	93	1.74E-09
500	94	1.77E-09
500	95	2.05E-09
500	96	1.2E-09
500	97	1.87E-09
500	98	1.74E-09
500	99	2.06E-09
500	100	2.12E-09
500	101	2.26E-09
500	102	1.73E-09
500	103	1.8E-09
500	104	1.76E-09
500	105	1.68E-09
500	106	1.86E-09
500	107	1.7E-09
500	108	1.67E-09
500	109	1.71E-09
500	110	1.82E-09
500	111	1.19E-09
500	112	1.45E-09
500	113	1.81E-09
500	114	1.71E-09
500	115	1.81E-09
500	116	2.7E-09
500	117	1.95E-09
500	118	1.69E-09
500	119	1.7E-09
500	120	1.66E-09
500	121	1.66E-09
500	122	1.66E-09
500	123	1.65E-09
500	124	1.69E-09
500	125	1.79E-09
500	126	1.43E-09
500	127	1.36E-09
500	128	1.78E-09
500	129	1.71E-09
500	130	3.33E-06
500	131	1.98E-09
500	132	1.66E-09
500	133	1.63E-09
500	134	1.63E-09
500	135	1.61E-09
500	136	1.62E-09
500	137	1.64E-09
500	138	1.73E-09
500	139	1.75E-09
500	140	1.31E-09
500	141	1.41E-09
500	142	1.83E-09
500	143	4.45E-10
500	144	1.71E-09
500	145	1.68E-09
500	146	1.65E-09
500	147	1.63E-09
500	148	1.62E-09
500	149	8.71E-09
500	150	1.63E-09
500	151	1.64E-09
500	152	1.66E-09
500	153	1.67E-09
500	154	4.37E-10
500	155	1.34E-09
500	156	1.42E-09
500	157	1.81E-09
500	158	1.72E-09
500	159	1.67E-09
500	160	1.65E-09
500	161	1.66E-09
500	162	1.42E-09
500	163	4.25E-10
500	164	1.65E-09
500	165	1.68E-09
500	166	1.71E-09
500	167	1.79E-09
500	168	1.38E-09
500	169	1.41E-09
500	170	1.89E-09
500	171	1.77E-09
500	172	1.72E-09
500	173	1.68E-09
500	174	1.66E-09
500	175	1.66E-09
500	176	1.68E-09
500	177	1.72E-09
500	178	1.81E-09
500	179	1.36E-09
500	180	1.5E-09
500	181	1.92E-09
500	182	1.82E-09
500	183	1.76E-09
500	184	1.76E-09
500	185	1.72E-09
500	186	1.72E-09
500	187	1.77E-09
500	188	1.85E-09
500	189	1.44E-09
500	190	1.23E-09
500	191	2.07E-09
500	192	1.95E-09
500	193	1.94E-09
500	194	1.9E-09
500	195	1.92E-09
500	196	1.9E-09
500	197	2.03E-09
500	198	1.17E-09
500	199	3.36E-08
600	0	9.94E-06
600	1	1.32E-09
600	2	1.65E-09
600	3	1.53E-09
600	4	1.56E-09
600	5	1.56E-09
600	6	1.55E-09
600	7	1.64E-09
600	8	1.31E-09
600	9	2.41E-09
600	10	2.21E-09
600	11	2.16E-09
600	12	2.12E-09
600	13	1.76E-09
600	14	4.86E-10
600	15	2.09E-09
600	16	2.14E-09
600	17	2.15E-09
600	18	2.33E-09
600	19	2.35E-09
600	20	2.16E-09
600	21	2.08E-09
600	22	2.03E-09
600	23	1.99E-09
600	24	2.28E-09
600	25	7.25E-07
600	26	2.01E-09
600	27	2.07E-09
600	28	2.26E-09
600	29	2.46E-09
600	30	2.14E-09
600	31	2.05E-09
600	32	2E-09
600	33	1.96E-09
600	34	1.94E-09
600	35	1.94E-09
600	36	1.95E-09
600	37	1.99E-09
600	38	2.05E-09
600	39	2.34E-09
600	40	2.73E-09
600	41	2.21E-09
600	42	2.12E-09
600	43	2.06E-09
600	44	2.04E-09
600	45	2.03E-09
600	46	2.01E-09
600	47	2E-09
600	48	2.02E-09
600	49	2.06E-09
600	50	2.14E-09
600	51	2.48E-09
600	52	2.59E-09
600	53	2.23E-09
600	54	2.12E-09
600	55	2.07E-09
600	56	2.22E-09
600	57	2.11E-09
600	58	2.06E-09
600	59	2.02E-09
600	60	2E-09
600	61	1.71E-09
600	62	5.09E-10
600	63	2.1E-09
600	64	2.19E-09
600	65	6.28E-09
600	66	2.54E-09
600	67	2.28E-09
600	68	2.15E-09
600	69	1.76E-09
600	70	5.22E-10
600	71	2.35E-09
600	72	2.37E-09
600	73	2.1E-09
600	74	2.05E-09
600	75	2.04E-09
600	76	2.03E-09
600	77	2.06E-09
600	78	2.17E-09
600	79	2.24E-09
600	80	2.39E-09
600	81	2.52E-09
600	82	2.27E-09
600	83	2.24E-09
600	84	2.13E-09
600	85	2.21E-09
600	86	2.19E-09
600	87	2.15E-09
600	88	2.18E-09
600	89	2.09E-09
600	90	2.09E-09
600	91	2.09E-09
600	92	2.15E-09
600	93	2.18E-09
600	94	2.14E-09
600	95	2.42E-09
600	96	1.4E-09
600	97	2.24E-09
600	98	2.11E-09
600	99	2.53E-09
600	100	2.58E-09
600	101	2.72E-09
600	102	2.16E-09
600	103	2.23E-09
600	104	2.19E-09
600	105	2.13E-09
600	106	2.32E-09
600	107	2.14E-09
600	108	2.06E-09
600	109	2.08E-09
600	110	2.19E-09
600	111	1.38E-09
600	112	1.71E-09
600	113	2.17E-09
600	114	2.08E-09
600	115	2.19E-09
600	116	3.17E-09
600	117	2.39E-09
600	118	2.13E-09
600	119	2.13E-09
600	120	2.09E-09
600	121	2.07E-09
600	122	2.06E-09
600	123	2.04E-09
600	124	2.07E-09
600	125	2.16E-09
600	126	1.7E-09
600	127	1.61E-09
600	128	2.14E-09
600	129	2.09E-09
600	130	6.67E-06
600	131	2.39E-09
600	132	2.06E-09
600	133	2.03E-09
600	134	2.02E-09
600	135	2.01E-09
600	136	2E-09
600	137	2.02E-09
600	138	2.11E-09
600	139	2.12E-09
600	140	1.57E-09
600	141	1.67E-09
600	142	2.19E-09
600	143	5.33E-10
600	144	2.08E-09
600	145	2.06E-09
600	146	2.04E-09
600	147	2.02E-09
600	148	2.01E-09
600	149	1.04E-08
600	150	2.01E-09
600	151	2.02E-09
600	152	2.04E-09
600	153	1.99E-09
600	154	5.26E-10
600	155	1.61E-09
600	156	1.69E-09
600	157	2.18E-09
600	158	2.1E-09
600	159	2.05E-09
600	160	2.03E-09
600	161	2.04E-09
600	162	1.71E-09
600	163	5.15E-10
600	164	2.02E-09
600	165	2.05E-09
600	166	2.08E-09
600	167	2.16E-09
600	168	1.65E-09
600	169	1.66E-09
600	170	2.26E-09
600	171	2.14E-09
600	172	2.09E-09
600	173	2.06E-09
600	174	2.05E-09
600	175	2.03E-09
600	176	2.05E-09
600	177	2.08E-09
600	178	2.18E-09
600	179	1.61E-09
600	180	1.77E-09
600	181	2.29E-09
600	182	2.18E-09
600	183	2.13E-09
600	184	2.13E-09
600	185	2.08E-09
600	186	2.08E-09
600	187	2.13E-09
600	188	2.22E-09
600	189	1.7E-09
600	190	1.43E-09
600	191	2.45E-09
600	192	2.33E-09
600	193	2.32E-09
600	194	2.27E-09
600	195	2.3E-09
600	196	2.26E-09
600	197	2.39E-09
600	198	1.36E-09
600	199	3.46E-08
700	0	1.24E-05
700	1	1.53E-09
700	2	1.95E-09
700	3	1.83E-09
700	4	1.88E-09
700	5	1.87E-09
700	6	1.86E-09
700	7	1.95E-09
700	8	1.53E-09
700	9	2.84E-09
700	10	2.65E-09
700	11	2.62E-09
700	12	2.58E-09
700	13	2.11E-09
700	14	5.94E-10
700	15	2.54E-09
700	16	2.61E-09
700	17	2.61E-09
700	18	2.77E-09
700	19	2.82E-09
700	20	2.61E-09
700	21	2.53E-09
700	22	2.47E-09
700	23	2.44E-09
700	24	2.8E-09
700	25	7.07E-07
700	26	2.45E-09
700	27	2.53E-09
700	28	2.74E-09
700	29	2.96E-09
700	30	2.59E-09
700	31	2.49E-09
700	32	2.44E-09
700	33	2.41E-09
700	34	2.39E-09
700	35	2.39E-09
700	36	2.4E-09
700	37	2.44E-09
700	38	2.51E-09
700	39	2.84E-09
700	40	3.32E-09
700	41	2.67E-09
700	42	2.56E-09
700	43	2.51E-09
700	44	2.51E-09
700	45	2.5E-09
700	46	2.48E-09
700	47	2.47E-09
700	48	2.47E-09
700	49	2.52E-09
700	50	2.61E-09
700	51	3E-09
700	52	3.13E-09
700	53	2.7E-09
700	54	2.57E-09
700	55	2.52E-09
700	56	2.7E-09
700	57	2.59E-09
700	58	2.53E-09
700	59	2.5E-09
700	60	2.47E-09
700	61	2.07E-09
700	62	6.19E-10
700	63	2.58E-09
700	64	2.67E-09
700	65	7.5E-09
700	66	3.05E-09
700	67	2.78E-09
700	68	2.62E-09
700	69	2.11E-09
700	70	6.3E-10
700	71	2.84E-09
700	72	2.86E-09
700	73	2.58E-09
700	74	2.53E-09
700	75	2.52E-09
700	76	2.52E-09
700	77	2.54E-09
700	78	2.68E-09
700	79	2.74E-09
700	80	2.85E-09
700	81	2.94E-09
700	82	2.72E-09
700	83	2.74E-09
700	84	2.61E-09
700	85	2.69E-09
700	86	2.67E-09
700	87	2.63E-09
700	88	2.65E-09
700	89	2.57E-09
700	90	2.59E-09
700	91	2.6E-09
700	92	2.67E-09
700	93	2.67E-09
700	94	2.56E-09
700	95	2.84E-09
700	96	1.61E-09
700	97	2.64E-09
700	98	2.52E-09
700	99	3.06E-09
700	100	3.1E-09
700	101	3.26E-09
700	102	2.66E-09
700	103	2.72E-09
700	104	2.67E-09
700	105	2.64E-09
700	106	2.86E-09
700	107	2.64E-09
700	108	2.51E-09
700	109	2.49E-09
700	110	2.61E-09
700	111	1.6E-09
700	112	2E-09
700	113	2.57E-09
700	114	2.49E-09
700	115	2.63E-09
700	116	3.71E-09
700	117	2.89E-09
700	118	2.64E-09
700	119	2.63E-09
700	120	2.59E-09
700	121	2.56E-09
700	122	2.53E-09
700	123	2.47E-09
700	124	2.49E-09
700	125	2.58E-09
700	126	2E-09
700	127	1.9E-09
700	128	2.55E-09
700	129	2.51E-09
700	130	1.08E-05
700	131	2.86E-09
700	132	2.51E-09
700	133	2.49E-09
700	134	2.48E-09
700	135	2.46E-09
700	136	2.45E-09
700	137	2.45E-09
700	138	2.55E-09
700	139	2.53E-09
700	140	1.85E-09
700	141	1.96E-09
700	142	2.6E-09
700	143	6.3E-10
700	144	2.51E-09
700	145	2.49E-09
700	146	2.48E-09
700	147	2.47E-09
700	148	2.46E-09
700	149	1.23E-08
700	150	2.45E-09
700	151	2.45E-09
700	152	2.46E-09
700	153	2.36E-09
700	154	6.23E-10
700	155	1.9E-09
700	156	1.99E-09
700	157	2.6E-09
700	158	2.52E-09
700	159	2.47E-09
700	160	2.46E-09
700	161	2.48E-09
700	162	2.05E-09
700	163	6.16E-10
700	164	2.45E-09
700	165	2.47E-09
700	166	2.5E-09
700	167	2.57E-09
700	168	1.95E-09
700	169	1.95E-09
700	170	2.68E-09
700	171	2.56E-09
700	172	2.52E-09
700	173	2.48E-09
700	174	2.51E-09
700	175	2.45E-09
700	176	2.46E-09
700	177	2.48E-09
700	178	2.59E-09
700	179	1.89E-09
700	180	2.07E-09
700	181	2.71E-09
700	182	2.6E-09
700	183	2.54E-09
700	184	2.54E-09
700	185	2.49E-09
700	186	2.48E-09
700	187	2.54E-09
700	188	2.63E-09
700	189	1.98E-09
700	190	1.64E-09
700	191	2.86E-09
700	192	2.77E-09
700	193	2.75E-09
700	194	2.7E-09
700	195	2.72E-09
700	196	2.67E-09
700	197	2.8E-09
700	198	1.57E-09
700	199	3.55E-08
800	0	1.54E-05
800	1	1.76E-09
800	2	2.28E-09
800	3	2.15E-09
800	4	2.22E-09
800	5	2.21E-09
800	6	2.2E-09
800	7	2.29E-09
800	8	1.77E-09
800	9	3.3E-09
800	10	3.12E-09
800	11	3.11E-09
800	12	3.07E-09
800	13	2.49E-09
800	14	7.1E-10
800	15	3.03E-09
800	16	3.12E-09
800	17	3.09E-09
800	18	3.24E-09
800	19	3.33E-09
800	20	3.09E-09
800	21	3.02E-09
800	22	2.96E-09
800	23	2.92E-09
800	24	3.38E-09
800	25	6.6E-07
800	26	2.95E-09
800	27	3.03E-09
800	28	3.26E-09
800	29	3.52E-09
800	30	3.07E-09
800	31	2.97E-09
800	32	2.93E-09
800	33	2.89E-09
800	34	2.87E-09
800	35	2.87E-09
800	36	2.88E-09
800	37	2.93E-09
800	38	3E-09
800	39	3.39E-09
800	40	3.96E-09
800	41	3.17E-09
800	42	3.04E-09
800	43	3.01E-09
800	44	3.02E-09
800	45	3.01E-09
800	46	2.99E-09
800	47	2.98E-09
800	48	2.96E-09
800	49	3.01E-09
800	50	3.12E-09
800	51	3.57E-09
800	52	3.7E-09
800	53	3.21E-09
800	54	3.06E-09
800	55	3.02E-09
800	56	3.22E-09
800	57	3.12E-09
800	58	3.06E-09
800	59	3.01E-09
800	60	2.99E-09
800	61	2.47E-09
800	62	7.39E-10
800	63	3.1E-09
800	64	3.2E-09
800	65	8.57E-09
800	66	3.59E-09
800	67	3.31E-09
800	68	3.12E-09
800	69	2.49E-09
800	70	7.46E-10
800	71	3.37E-09
800	72	3.4E-09
800	73	3.1E-09
800	74	3.05E-09
800	75	3.04E-09
800	76	3.05E-09
800	77	3.06E-09
800	78	3.23E-09
800	79	3.28E-09
800	80	3.34E-09
800	81	3.39E-09
800	82	3.2E-09
800	83	3.28E-09
800	84	3.12E-09
800	85	3.23E-09
800	86	3.2E-09
800	87	3.14E-09
800	88	3.15E-09
800	89	3.09E-09
800	90	3.14E-09
800	91	3.15E-09
800	92	3.22E-09
800	93	3.19E-09
800	94	3E-09
800	95	3.29E-09
800	96	1.83E-09
800	97	3.07E-09
800	98	2.97E-09
800	99	3.62E-09
800	100	3.67E-09
800	101	3.85E-09
800	102	3.19E-09
800	103	3.24E-09
800	104	3.19E-09
800	105	3.2E-09
800	106	3.45E-09
800	107	3.18E-09
800	108	2.99E-09
800	109	2.94E-09
800	110	3.05E-09
800	111	1.82E-09
800	112	2.31E-09
800	113	3E-09
800	114	2.94E-09
800	115	3.1E-09
800	116	4.28E-09
800	117	3.44E-09
800	118	3.18E-09
800	119	3.17E-09
800	120	3.12E-09
800	121	3.09E-09
800	122	3.03E-09
800	123	2.94E-09
800	124	2.94E-09
800	125	3.02E-09
800	126	2.32E-09
800	127	2.2E-09
800	128	2.98E-09
800	129	2.96E-09
800	130	1.54E-05
800	131	3.37E-09
800	132	3.01E-09
800	133	2.98E-09
800	134	2.98E-09
800	135	2.95E-09
800	136	2.94E-09
800	137	2.91E-09
800	138	3.02E-09
800	139	2.97E-09
800	140	2.16E-09
800	141	2.27E-09
800	142	3.04E-09
800	143	7.33E-10
800	144	2.95E-09
800	145	2.95E-09
800	146	2.96E-09
800	147	2.96E-09
800	148	2.95E-09
800	149	1.42E-08
800	150	2.93E-09
800	151	2.91E-09
800	152	2.92E-09
800	153	2.73E-09
800	154	7.26E-10
800	155	2.22E-09
800	156	2.3E-09
800	157	3.04E-09
800	158	2.97E-09
800	159	2.92E-09
800	160	2.93E-09
800	161	2.94E-09
800	162	2.41E-09
800	163	7.25E-10
800	164	2.91E-09
800	165	2.92E-09
800	166	2.95E-09
800	167	3.01E-09
800	168	2.27E-09
800	169	2.26E-09
800	170	3.12E-09
800	171	3.01E-09
800	172	2.97E-09
800	173	2.93E-09
800	174	3.07E-09
800	175	2.9E-09
800	176	2.91E-09
800	177	2.92E-09
800	178	3.02E-09
800	179	2.2E-09
800	180	2.38E-09
800	181	3.15E-09
800	182	3.03E-09
800	183	2.99E-09
800	184	2.99E-09
800	185	2.92E-09
800	186	2.91E-09
800	187	2.96E-09
800	188	3.05E-09
800	189	2.29E-09
800	190	1.87E-09
800	191	3.31E-09
800	192	3.26E-09
800	193	3.2E-09
800	194	3.15E-09
800	195	3.16E-09
800	196	3.1E-09
800	197	3.24E-09
800	198	1.79E-09
800	199	3.65E-08
900	0	1.87E-05
900	1	2E-09
900	2	2.62E-09
900	3	2.48E-09
900	4	2.58E-09
900	5	2.56E-09
900	6	2.55E-09
900	7	2.64E-09
900	8	2.01E-09
900	9	3.78E-09
900	10	3.61E-09
900	11	3.62E-09
900	12	3.6E-09
900	13	2.9E-09
900	14	8.32E-10
900	15	3.55E-09
900	16	3.65E-09
900	17	3.61E-09
900	18	3.74E-09
900	19	3.86E-09
900	20	3.6E-09
900	21	3.53E-09
900	22	3.46E-09
900	23	3.42E-09
900	24	3.99E-09
900	25	6.39E-07
900	26	3.46E-09
900	27	3.54E-09
900	28	3.8E-09
900	29	4.09E-09
900	30	3.58E-09
900	31	3.47E-09
900	32	3.44E-09
900	33	3.41E-09
900	34	3.38E-09
900	35	3.39E-09
900	36	3.39E-09
900	37	3.45E-09
900	38	3.51E-09
900	39	3.96E-09
900	40	4.64E-09
900	41	3.69E-09
900	42	3.54E-09
900	43	3.52E-09
900	44	3.56E-09
900	45	3.56E-09
900	46	3.54E-09
900	47	3.52E-09
900	48	3.48E-09
900	49	3.54E-09
900	50	3.66E-09
900	51	4.15E-09
900	52	4.3E-09
900	53	3.74E-09
900	54	3.57E-09
900	55	3.53E-09
900	56	3.78E-09
900	57	3.67E-09
900	58	3.61E-09
900	59	3.56E-09
900	60	3.54E-09
900	61	2.88E-09
900	62	8.65E-10
900	63	3.65E-09
900	64	3.76E-09
900	65	9.96E-09
900	66	4.16E-09
900	67	3.86E-09
900	68	3.65E-09
900	69	2.9E-09
900	70	8.68E-10
900	71	3.94E-09
900	72	3.97E-09
900	73	3.65E-09
900	74	3.59E-09
900	75	3.6E-09
900	76	3.62E-09
900	77	3.62E-09
900	78	3.81E-09
900	79	3.84E-09
900	80	3.85E-09
900	81	3.85E-09
900	82	3.71E-09
900	83	3.84E-09
900	84	3.66E-09
900	85	3.78E-09
900	86	3.76E-09
900	87	3.67E-09
900	88	3.67E-09
900	89	3.63E-09
900	90	3.71E-09
900	91	3.74E-09
900	92	3.8E-09
900	93	3.75E-09
900	94	3.47E-09
900	95	3.75E-09
900	96	2.06E-09
900	97	3.52E-09
900	98	3.43E-09
900	99	4.21E-09
900	100	4.27E-09
900	101	4.47E-09
900	102	3.75E-09
900	103	3.79E-09
900	104	3.74E-09
900	105	3.79E-09
900	106	4.07E-09
900	107	3.76E-09
900	108	3.49E-09
900	109	3.4E-09
900	110	3.5E-09
900	111	2.06E-09
900	112	2.62E-09
900	113	3.44E-09
900	114	3.4E-09
900	115	3.58E-09
900	116	4.89E-09
900	117	4.02E-09
900	118	3.76E-09
900	119	3.74E-09
900	120	3.69E-09
900	121	3.65E-09
900	122	3.56E-09
900	123	3.43E-09
900	124	3.42E-09
900	125	3.48E-09
900	126	2.65E-09
900	127	2.5E-09
900	128	3.44E-09
900	129	3.43E-09
900	130	2.02E-05
900	131	3.9E-09
900	132	3.53E-09
900	133	3.51E-09
900	134	3.49E-09
900	135	3.47E-09
900	136	3.46E-09
900	137	3.4E-09
900	138	3.5E-09
900	139	3.43E-09
900	140	2.47E-09
900	141	2.6E-09
900	142	3.5E-09
900	143	8.37E-10
900	144	3.42E-09
900	145	3.42E-09
900	146	3.45E-09
900	147	3.48E-09
900	148	3.45E-09
900	149	1.62E-08
900	150	3.43E-09
900	151	3.39E-09
900	152	3.38E-09
900	153	3.13E-09
900	154	8.33E-10
900	155	2.55E-09
900	156	2.63E-09
900	157	3.49E-09
900	158	3.44E-09
900	159	3.4E-09
900	160	3.41E-09
900	161	3.43E-09
900	162	2.79E-09
900	163	8.39E-10
900	164	3.38E-09
900	165	3.4E-09
900	166	3.41E-09
900	167	3.47E-09
900	168	2.6E-09
900	169	2.57E-09
900	170	3.58E-09
900	171	3.48E-09
900	172	3.44E-09
900	173	3.4E-09
900	174	3.71E-09
900	175	3.37E-09
900	176	3.37E-09
900	177	3.16E-09
900	178	3.48E-09
900	179	2.51E-09
900	180	2.71E-09
900	181	3.61E-09
900	182	3.49E-09
900	183	3.45E-09
900	184	3.46E-09
900	185	3.38E-09
900	186	3.36E-09
900	187	3.41E-09
900	188	3.5E-09
900	189	2.61E-09
900	190	2.11E-09
900	191	3.76E-09
900	192	3.75E-09
900	193	3.67E-09
900	194	3.62E-09
900	195	3.63E-09
900	196	3.54E-09
900	197	3.69E-09
900	198	2.02E-09
900	199	3.76E-08
1000	0	2.30E-05
1000	1	2.24E-09
1000	2	2.98E-09
1000	3	2.84E-09
1000	4	2.94E-09
1000	5	2.92E-09
1000	6	2.92E-09
1000	7	3E-09
1000	8	2.26E-09
1000	9	4.28E-09
1000	10	4.12E-09
1000	11	4.14E-09
1000	12	4.14E-09
1000	13	3.32E-09
1000	14	9.59E-10
1000	15	4.09E-09
1000	16	4.21E-09
1000	17	4.15E-09
1000	18	4.25E-09
1000	19	4.42E-09
1000	20	4.13E-09
1000	21	4.06E-09
1000	22	4E-09
1000	23	3.95E-09
1000	24	4.66E-09
1000	25	6.35E-07
1000	26	4E-09
1000	27	4.08E-09
1000	28	4.37E-09
1000	29	4.69E-09
1000	30	4.11E-09
1000	31	4E-09
1000	32	3.96E-09
1000	33	3.94E-09
1000	34	3.92E-09
1000	35	3.92E-09
1000	36	3.92E-09
1000	37	3.98E-09
1000	38	4.05E-09
1000	39	4.55E-09
1000	40	5.35E-09
1000	41	4.24E-09
1000	42	4.07E-09
1000	43	4.06E-09
1000	44	4.13E-09
1000	45	4.13E-09
1000	46	4.11E-09
1000	47	4.07E-09
1000	48	4.02E-09
1000	49	4.08E-09
1000	50	4.22E-09
1000	51	4.77E-09
1000	52	4.93E-09
1000	53	4.26E-09
1000	54	4.1E-09
1000	55	4.07E-09
1000	56	4.37E-09
1000	57	4.25E-09
1000	58	4.19E-09
1000	59	4.13E-09
1000	60	4.12E-09
1000	61	3.32E-09
1000	62	9.95E-10
1000	63	4.21E-09
1000	64	4.33E-09
1000	65	1.14E-08
1000	66	4.76E-09
1000	67	4.44E-09
1000	68	4.2E-09
1000	69	3.32E-09
1000	70	9.96E-10
1000	71	4.53E-09
1000	72	4.57E-09
1000	73	4.22E-09
1000	74	4.16E-09
1000	75	4.18E-09
1000	76	4.22E-09
1000	77	4.2E-09
1000	78	4.41E-09
1000	79	4.44E-09
1000	80	4.38E-09
1000	81	4.33E-09
1000	82	4.23E-09
1000	83	4.43E-09
1000	84	4.23E-09
1000	85	4.37E-09
1000	86	4.33E-09
1000	87	4.23E-09
1000	88	4.22E-09
1000	89	4.2E-09
1000	90	4.31E-09
1000	91	4.36E-09
1000	92	4.41E-09
1000	93	4.32E-09
1000	94	3.94E-09
1000	95	4.23E-09
1000	96	2.3E-09
1000	97	3.98E-09
1000	98	3.91E-09
1000	99	4.82E-09
1000	100	4.9E-09
1000	101	5.11E-09
1000	102	4.34E-09
1000	103	4.35E-09
1000	104	4.3E-09
1000	105	4.4E-09
1000	106	4.71E-09
1000	107	4.37E-09
1000	108	4.01E-09
1000	109	3.88E-09
1000	110	3.97E-09
1000	111	2.31E-09
1000	112	2.96E-09
1000	113	3.9E-09
1000	114	3.88E-09
1000	115	4.09E-09
1000	116	5.52E-09
1000	117	4.62E-09
1000	118	4.35E-09
1000	119	4.32E-09
1000	120	4.28E-09
1000	121	4.22E-09
1000	122	4.11E-09
1000	123	3.93E-09
1000	124	3.9E-09
1000	125	3.95E-09
1000	126	2.98E-09
1000	127	2.83E-09
1000	128	3.9E-09
1000	129	3.92E-09
1000	130	2.57E-05
1000	131	4.45E-09
1000	132	4.07E-09
1000	133	4.05E-09
1000	134	4.04E-09
1000	135	4E-09
1000	136	3.99E-09
1000	137	3.9E-09
1000	138	4.01E-09
1000	139	3.9E-09
1000	140	2.8E-09
1000	141	2.93E-09
1000	142	3.99E-09
1000	143	9.48E-10
1000	144	3.91E-09
1000	145	3.93E-09
1000	146	3.97E-09
1000	147	4.01E-09
1000	148	3.99E-09
1000	149	1.83E-08
1000	150	3.95E-09
1000	151	3.89E-09
1000	152	3.87E-09
1000	153	3.54E-09
1000	154	9.45E-10
1000	155	2.89E-09
1000	156	2.96E-09
1000	157	3.97E-09
1000	158	3.93E-09
1000	159	3.89E-09
1000	160	3.91E-09
1000	161	3.94E-09
1000	162	3.18E-09
1000	163	9.58E-10
1000	164	3.88E-09
1000	165	3.89E-09
1000	166	3.89E-09
1000	167	3.95E-09
1000	168	2.93E-09
1000	169	2.89E-09
1000	170	4.05E-09
1000	171	3.96E-09
1000	172	3.92E-09
1000	173	3.9E-09
1000	174	4.24E-09
1000	175	3.85E-09
1000	176	3.85E-09
1000	177	3.84E-09
1000	178	3.94E-09
1000	179	2.83E-09
1000	180	3.05E-09
1000	181	4.08E-09
1000	182	3.96E-09
1000	183	3.93E-09
1000	184	3.94E-09
1000	185	3.85E-09
1000	186	3.83E-09
1000	187	3.87E-09
1000	188	3.96E-09
1000	189	2.94E-09
1000	190	2.36E-09
1000	191	4.24E-09
1000	192	4.24E-09
1000	193	4.16E-09
1000	194	4.1E-09
1000	195	4.11E-09
1000	196	4E-09
1000	197	4.16E-09
1000	198	2.26E-09
1000	199	3.9E-08
		
# End of manufacturer data file		
